# GIMP colorrc
# 
# This file holds a list of recently used colors.

(color-history
    (color-rgba 0.180392 0.145098 0.125490 1.000000)
    (color-rgba 0.223529 0.200000 0.192157 1.000000)
    (color-rgba 0.023529 0.023529 0.023529 1.000000)
    (color-rgba 0.407843 0.407843 0.400000 1.000000)
    (color-rgba 0.109804 0.105882 0.125490 1.000000)
    (color-rgba 0.349020 0.341176 0.392157 1.000000)
    (color-rgba 1.000000 1.000000 1.000000 1.000000)
    (color-rgba 0.686275 0.905882 0.800000 1.000000)
    (color-rgba 0.819608 0.294118 0.392157 1.000000)
    (color-rgba 0.788235 0.043137 0.184314 1.000000)
    (color-rgba 0.831373 0.313726 0.407843 1.000000)
    (color-rgba 0.882353 0.000000 0.160784 1.000000)
    (color-rgba 0.827451 0.301961 0.400000 1.000000)
    (color-rgba 0.815686 0.043137 0.152941 1.000000)
    (color-rgba 0.886275 0.023529 0.133333 1.000000)
    (color-rgba 0.933333 0.215686 0.294118 1.000000)
    (color-rgba 0.000000 0.000000 0.000000 1.000000)
    (color-rgba 0.057355 0.766467 0.524435 1.000000)
    (color-rgba 0.054902 0.000000 0.384314 0.000000)
    (color-rgba 0.053900 0.000000 0.385000 1.000000)
    (color-rgba 0.625000 0.088087 0.587416 1.000000)
    (color-rgba 0.095255 0.010201 0.380000 1.000000)
    (color-rgba 0.000000 0.000000 0.000000 0.000000)
    (color-rgba 1.000000 0.000000 0.000000 0.000000)
    (color-rgba 1.000000 0.000000 0.000000 1.000000)
    (color-rgba 0.050980 0.298969 0.000000 1.000000)
    (color-rgba 0.050000 1.000000 0.000000 1.000000)
    (color-rgba 0.905882 0.686275 0.686275 0.000000))

# end of colorrc
